000000000
000000003
000000030
000000033
000000111
000000114
000000141
000000144
000000222
000000300
000000303
000000330
000000333
000000411
000000414
000000441
000000444
000001110
000001113
000001140
000001143
000001221
000001224
000001332
000001410
000001413
000001440
000001443
000002220
000002223
000002331
000002334
000002442
000003000
000003003
000003030
000003033
000003111
000003114
000003141
000003144
000003222
000003300
000003303
000003330
000003333
000003411
000003414
000003441
000004110
000004113
000004140
000004143
000004221
000004224
000004332
000004410
000004413
000004440
000011100
000011103
000011130
000011133
000011211
000011214
000011241
000011244
000011322
000011400
000011403
000011430
000011433
000012210
000012213
000012240
000012243
000012321
000012324
000012432
000013320
000013323
000013431
000014100
000014103
000014130
000014133
000014211
000014214
000014241
000014322
000014400
000014403
000014430
000022200
000022203
000022230
000022233
000022311
000022314
000022341
000022422
000023310
000023313
000023340
000023421
000024420
000030000
000030003
000030030
000030033
000030111
000030114
000030141
000030144
000030222
000030300
000030303
000030330
000030333
000030411
000030414
000030441
000031110
000031113
000031140
000031143
000031221
000031224
000031332
000031410
000031413
000031440
000032220
000032223
000032331
000033000
000033003
000033030
000033033
000033111
000033114
000033141
000033222
000033300
000033303
000033330
000033411
000034110
000034113
000034140
000034221
000034410
000041100
000041103
000041130
000041133
000041211
000041214
000041241
000041322
000041400
000041403
000041430
000042210
000042213
000042240
000042321
000043320
000044100
000044103
000044130
000044211
000044400
000111000
000111003
000111030
000111033
000111111
000111114
000111141
000111144
000111222
000111300
000111303
000111330
000111333
000111411
000111414
000111441
000112110
000112113
000112140
000112143
000112221
000112224
000112332
000112410
000112413
000112440
000113220
000113223
000113331
000114000
000114003
000114030
000114033
000114111
000114114
000114141
000114222
000114300
000114303
000114330
000114411
000122100
000122103
000122130
000122133
000122211
000122214
000122241
000122322
000122400
000122403
000122430
000123210
000123213
000123240
000123321
000124320
000133200
000133203
000133230
000133311
000134310
000141000
000141003
000141030
000141033
000141111
000141114
000141141
000141222
000141300
000141303
000141330
000141411
000142110
000142113
000142140
000142221
000142410
000143220
000144000
000144003
000144030
000144111
000144300
000222000
000222003
000222030
000222033
000222111
000222114
000222141
000222222
000222300
000222303
000222330
000222411
000223110
000223113
000223140
000223221
000223410
000224220
000233100
000233103
000233130
000233211
000233400
000234210
000244200
000300000
000300003
000300030
000300033
000300111
000300114
000300141
000300144
000300222
000300300
000300303
000300330
000300333
000300411
000300414
000300441
000301110
000301113
000301140
000301143
000301221
000301224
000301332
000301410
000301413
000301440
000302220
000302223
000302331
000303000
000303003
000303030
000303033
000303111
000303114
000303141
000303222
000303300
000303303
000303330
000303411
000304110
000304113
000304140
000304221
000304410
000311100
000311103
000311130
000311133
000311211
000311214
000311241
000311322
000311400
000311403
000311430
000312210
000312213
000312240
000312321
000313320
000314100
000314103
000314130
000314211
000314400
000322200
000322203
000322230
000322311
000323310
000330000
000330003
000330030
000330033
000330111
000330114
000330141
000330222
000330300
000330303
000330330
000330411
000331110
000331113
000331140
000331221
000331410
000332220
000333000
000333003
000333030
000333111
000333300
000334110
000341100
000341103
000341130
000341211
000341400
000342210
000344100
000411000
000411003
000411030
000411033
000411111
000411114
000411141
000411222
000411300
000411303
000411330
000411411
000412110
000412113
000412140
000412221
000412410
000413220
000414000
000414003
000414030
000414111
000414300
000422100
000422103
000422130
000422211
000422400
000423210
000433200
000441000
000441003
000441030
000441111
000441300
000442110
000444000
001110000
001110003
001110030
001110033
001110111
001110114
001110141
001110144
001110222
001110300
001110303
001110330
001110333
001110411
001110414
001110441
001111110
001111113
001111140
001111143
001111221
001111224
001111332
001111410
001111413
001111440
001112220
001112223
001112331
001113000
001113003
001113030
001113033
001113111
001113114
001113141
001113222
001113300
001113303
001113330
001113411
001114110
001114113
001114140
001114221
001114410
001121100
001121103
001121130
001121133
001121211
001121214
001121241
001121322
001121400
001121403
001121430
001122210
001122213
001122240
001122321
001123320
001124100
001124103
001124130
001124211
001124400
001132200
001132203
001132230
001132311
001133310
001140000
001140003
001140030
001140033
001140111
001140114
001140141
001140222
001140300
001140303
001140330
001140411
001141110
001141113
001141140
001141221
001141410
001142220
001143000
001143003
001143030
001143111
001143300
001144110
001221000
001221003
001221030
001221033
001221111
001221114
001221141
001221222
001221300
001221303
001221330
001221411
001222110
001222113
001222140
001222221
001222410
001223220
001224000
001224003
001224030
001224111
001224300
001232100
001232103
001232130
001232211
001232400
001233210
001243200
001332000
001332003
001332030
001332111
001332300
001333110
001343100
001410000
001410003
001410030
001410033
001410111
001410114
001410141
001410222
001410300
001410303
001410330
001410411
001411110
001411113
001411140
001411221
001411410
001412220
001413000
001413003
001413030
001413111
001413300
001414110
001421100
001421103
001421130
001421211
001421400
001422210
001424100
001432200
001440000
001440003
001440030
001440111
001440300
001441110
001443000
002220000
002220003
002220030
002220033
002220111
002220114
002220141
002220222
002220300
002220303
002220330
002220411
002221110
002221113
002221140
002221221
002221410
002222220
002223000
002223003
002223030
002223111
002223300
002224110
002231100
002231103
002231130
002231211
002231400
002232210
002234100
002242200
002331000
002331003
002331030
002331111
002331300
002332110
002334000
002342100
002442000
003000000
003000003
003000030
003000033
003000111
003000114
003000141
003000144
003000222
003000300
003000303
003000330
003000333
003000411
003000414
003000441
003001110
003001113
003001140
003001143
003001221
003001224
003001332
003001410
003001413
003001440
003002220
003002223
003002331
003003000
003003003
003003030
003003033
003003111
003003114
003003141
003003222
003003300
003003303
003003330
003003411
003004110
003004113
003004140
003004221
003004410
003011100
003011103
003011130
003011133
003011211
003011214
003011241
003011322
003011400
003011403
003011430
003012210
003012213
003012240
003012321
003013320
003014100
003014103
003014130
003014211
003014400
003022200
003022203
003022230
003022311
003023310
003030000
003030003
003030030
003030033
003030111
003030114
003030141
003030222
003030300
003030303
003030330
003030411
003031110
003031113
003031140
003031221
003031410
003032220
003033000
003033003
003033030
003033111
003033300
003034110
003041100
003041103
003041130
003041211
003041400
003042210
003044100
003111000
003111003
003111030
003111033
003111111
003111114
003111141
003111222
003111300
003111303
003111330
003111411
003112110
003112113
003112140
003112221
003112410
003113220
003114000
003114003
003114030
003114111
003114300
003122100
003122103
003122130
003122211
003122400
003123210
003133200
003141000
003141003
003141030
003141111
003141300
003142110
003144000
003222000
003222003
003222030
003222111
003222300
003223110
003233100
003300000
003300003
003300030
003300033
003300111
003300114
003300141
003300222
003300300
003300303
003300330
003300411
003301110
003301113
003301140
003301221
003301410
003302220
003303000
003303003
003303030
003303111
003303300
003304110
003311100
003311103
003311130
003311211
003311400
003312210
003314100
003322200
003330000
003330003
003330030
003330111
003330300
003331110
003333000
003341100
003411000
003411003
003411030
003411111
003411300
003412110
003414000
003422100
003441000
004110000
004110003
004110030
004110033
004110111
004110114
004110141
004110222
004110300
004110303
004110330
004110411
004111110
004111113
004111140
004111221
004111410
004112220
004113000
004113003
004113030
004113111
004113300
004114110
004121100
004121103
004121130
004121211
004121400
004122210
004124100
004132200
004140000
004140003
004140030
004140111
004140300
004141110
004143000
004221000
004221003
004221030
004221111
004221300
004222110
004224000
004232100
004332000
004410000
004410003
004410030
004410111
004410300
004411110
004413000
004421100
004440000
011100000
011100003
011100030
011100033
011100111
011100114
011100141
011100144
011100222
011100300
011100303
011100330
011100333
011100411
011100414
011100441
011101110
011101113
011101140
011101143
011101221
011101224
011101332
011101410
011101413
011101440
011102220
011102223
011102331
011103000
011103003
011103030
011103033
011103111
011103114
011103141
011103222
011103300
011103303
011103330
011103411
011104110
011104113
011104140
011104221
011104410
011111100
011111103
011111130
011111133
011111211
011111214
011111241
011111322
011111400
011111403
011111430
011112210
011112213
011112240
011112321
011113320
011114100
011114103
011114130
011114211
011114400
011122200
011122203
011122230
011122311
011123310
011130000
011130003
011130030
011130033
011130111
011130114
011130141
011130222
011130300
011130303
011130330
011130411
011131110
011131113
011131140
011131221
011131410
011132220
011133000
011133003
011133030
011133111
011133300
011134110
011141100
011141103
011141130
011141211
011141400
011142210
011144100
011211000
011211003
011211030
011211033
011211111
011211114
011211141
011211222
011211300
011211303
011211330
011211411
011212110
011212113
011212140
011212221
011212410
011213220
011214000
011214003
011214030
011214111
011214300
011222100
011222103
011222130
011222211
011222400
011223210
011233200
011241000
011241003
011241030
011241111
011241300
011242110
011244000
011322000
011322003
011322030
011322111
011322300
011323110
011333100
011400000
011400003
011400030
011400033
011400111
011400114
011400141
011400222
011400300
011400303
011400330
011400411
011401110
011401113
011401140
011401221
011401410
011402220
011403000
011403003
011403030
011403111
011403300
011404110
011411100
011411103
011411130
011411211
011411400
011412210
011414100
011422200
011430000
011430003
011430030
011430111
011430300
011431110
011433000
011441100
012210000
012210003
012210030
012210033
012210111
012210114
012210141
012210222
012210300
012210303
012210330
012210411
012211110
012211113
012211140
012211221
012211410
012212220
012213000
012213003
012213030
012213111
012213300
012214110
012221100
012221103
012221130
012221211
012221400
012222210
012224100
012232200
012240000
012240003
012240030
012240111
012240300
012241110
012243000
012321000
012321003
012321030
012321111
012321300
012322110
012324000
012332100
012432000
013320000
013320003
013320030
013320111
013320300
013321110
013323000
013331100
013431000
014100000
014100003
014100030
014100033
014100111
014100114
014100141
014100222
014100300
014100303
014100330
014100411
014101110
014101113
014101140
014101221
014101410
014102220
014103000
014103003
014103030
014103111
014103300
014104110
014111100
014111103
014111130
014111211
014111400
014112210
014114100
014122200
014130000
014130003
014130030
014130111
014130300
014131110
014133000
014141100
014211000
014211003
014211030
014211111
014211300
014212110
014214000
014222100
014241000
014322000
014400000
014400003
014400030
014400111
014400300
014401110
014403000
014411100
014430000
022200000
022200003
022200030
022200033
022200111
022200114
022200141
022200222
022200300
022200303
022200330
022200411
022201110
022201113
022201140
022201221
022201410
022202220
022203000
022203003
022203030
022203111
022203300
022204110
022211100
022211103
022211130
022211211
022211400
022212210
022214100
022222200
022230000
022230003
022230030
022230111
022230300
022231110
022233000
022241100
022311000
022311003
022311030
022311111
022311300
022312110
022314000
022322100
022341000
022422000
023310000
023310003
023310030
023310111
023310300
023311110
023313000
023321100
023340000
023421000
024420000
030000000
030000003
030000030
030000033
030000111
030000114
030000141
030000144
030000222
030000300
030000303
030000330
030000333
030000411
030000414
030000441
030001110
030001113
030001140
030001143
030001221
030001224
030001332
030001410
030001413
030001440
030002220
030002223
030002331
030003000
030003003
030003030
030003033
030003111
030003114
030003141
030003222
030003300
030003303
030003330
030003411
030004110
030004113
030004140
030004221
030004410
030011100
030011103
030011130
030011133
030011211
030011214
030011241
030011322
030011400
030011403
030011430
030012210
030012213
030012240
030012321
030013320
030014100
030014103
030014130
030014211
030014400
030022200
030022203
030022230
030022311
030023310
030030000
030030003
030030030
030030033
030030111
030030114
030030141
030030222
030030300
030030303
030030330
030030411
030031110
030031113
030031140
030031221
030031410
030032220
030033000
030033003
030033030
030033111
030033300
030034110
030041100
030041103
030041130
030041211
030041400
030042210
030044100
030111000
030111003
030111030
030111033
030111111
030111114
030111141
030111222
030111300
030111303
030111330
030111411
030112110
030112113
030112140
030112221
030112410
030113220
030114000
030114003
030114030
030114111
030114300
030122100
030122103
030122130
030122211
030122400
030123210
030133200
030141000
030141003
030141030
030141111
030141300
030142110
030144000
030222000
030222003
030222030
030222111
030222300
030223110
030233100
030300000
030300003
030300030
030300033
030300111
030300114
030300141
030300222
030300300
030300303
030300330
030300411
030301110
030301113
030301140
030301221
030301410
030302220
030303000
030303003
030303030
030303111
030303300
030304110
030311100
030311103
030311130
030311211
030311400
030312210
030314100
030322200
030330000
030330003
030330030
030330111
030330300
030331110
030333000
030341100
030411000
030411003
030411030
030411111
030411300
030412110
030414000
030422100
030441000
031110000
031110003
031110030
031110033
031110111
031110114
031110141
031110222
031110300
031110303
031110330
031110411
031111110
031111113
031111140
031111221
031111410
031112220
031113000
031113003
031113030
031113111
031113300
031114110
031121100
031121103
031121130
031121211
031121400
031122210
031124100
031132200
031140000
031140003
031140030
031140111
031140300
031141110
031143000
031221000
031221003
031221030
031221111
031221300
031222110
031224000
031232100
031332000
031410000
031410003
031410030
031410111
031410300
031411110
031413000
031421100
031440000
032220000
032220003
032220030
032220111
032220300
032221110
032223000
032231100
032331000
033000000
033000003
033000030
033000033
033000111
033000114
033000141
033000222
033000300
033000303
033000330
033000411
033001110
033001113
033001140
033001221
033001410
033002220
033003000
033003003
033003030
033003111
033003300
033004110
033011100
033011103
033011130
033011211
033011400
033012210
033014100
033022200
033030000
033030003
033030030
033030111
033030300
033031110
033033000
033041100
033111000
033111003
033111030
033111111
033111300
033112110
033114000
033122100
033141000
033222000
033300000
033300003
033300030
033300111
033300300
033301110
033303000
033311100
033330000
033411000
034110000
034110003
034110030
034110111
034110300
034111110
034113000
034121100
034140000
034221000
034410000
041100000
041100003
041100030
041100033
041100111
041100114
041100141
041100222
041100300
041100303
041100330
041100411
041101110
041101113
041101140
041101221
041101410
041102220
041103000
041103003
041103030
041103111
041103300
041104110
041111100
041111103
041111130
041111211
041111400
041112210
041114100
041122200
041130000
041130003
041130030
041130111
041130300
041131110
041133000
041141100
041211000
041211003
041211030
041211111
041211300
041212110
041214000
041222100
041241000
041322000
041400000
041400003
041400030
041400111
041400300
041401110
041403000
041411100
041430000
042210000
042210003
042210030
042210111
042210300
042211110
042213000
042221100
042240000
042321000
043320000
044100000
044100003
044100030
044100111
044100300
044101110
044103000
044111100
044130000
044211000
044400000
111000000
111000003
111000030
111000033
111000111
111000114
111000141
111000144
111000222
111000300
111000303
111000330
111000333
111000411
111000414
111000441
111001110
111001113
111001140
111001143
111001221
111001224
111001332
111001410
111001413
111001440
111002220
111002223
111002331
111003000
111003003
111003030
111003033
111003111
111003114
111003141
111003222
111003300
111003303
111003330
111003411
111004110
111004113
111004140
111004221
111004410
111011100
111011103
111011130
111011133
111011211
111011214
111011241
111011322
111011400
111011403
111011430
111012210
111012213
111012240
111012321
111013320
111014100
111014103
111014130
111014211
111014400
111022200
111022203
111022230
111022311
111023310
111030000
111030003
111030030
111030033
111030111
111030114
111030141
111030222
111030300
111030303
111030330
111030411
111031110
111031113
111031140
111031221
111031410
111032220
111033000
111033003
111033030
111033111
111033300
111034110
111041100
111041103
111041130
111041211
111041400
111042210
111044100
111111000
111111003
111111030
111111033
111111111
111111114
111111141
111111222
111111300
111111303
111111330
111111411
111112110
111112113
111112140
111112221
111112410
111113220
111114000
111114003
111114030
111114111
111114300
111122100
111122103
111122130
111122211
111122400
111123210
111133200
111141000
111141003
111141030
111141111
111141300
111142110
111144000
111222000
111222003
111222030
111222111
111222300
111223110
111233100
111300000
111300003
111300030
111300033
111300111
111300114
111300141
111300222
111300300
111300303
111300330
111300411
111301110
111301113
111301140
111301221
111301410
111302220
111303000
111303003
111303030
111303111
111303300
111304110
111311100
111311103
111311130
111311211
111311400
111312210
111314100
111322200
111330000
111330003
111330030
111330111
111330300
111331110
111333000
111341100
111411000
111411003
111411030
111411111
111411300
111412110
111414000
111422100
111441000
112110000
112110003
112110030
112110033
112110111
112110114
112110141
112110222
112110300
112110303
112110330
112110411
112111110
112111113
112111140
112111221
112111410
112112220
112113000
112113003
112113030
112113111
112113300
112114110
112121100
112121103
112121130
112121211
112121400
112122210
112124100
112132200
112140000
112140003
112140030
112140111
112140300
112141110
112143000
112221000
112221003
112221030
112221111
112221300
112222110
112224000
112232100
112332000
112410000
112410003
112410030
112410111
112410300
112411110
112413000
112421100
112440000
113220000
113220003
113220030
113220111
113220300
113221110
113223000
113231100
113331000
114000000
114000003
114000030
114000033
114000111
114000114
114000141
114000222
114000300
114000303
114000330
114000411
114001110
114001113
114001140
114001221
114001410
114002220
114003000
114003003
114003030
114003111
114003300
114004110
114011100
114011103
114011130
114011211
114011400
114012210
114014100
114022200
114030000
114030003
114030030
114030111
114030300
114031110
114033000
114041100
114111000
114111003
114111030
114111111
114111300
114112110
114114000
114122100
114141000
114222000
114300000
114300003
114300030
114300111
114300300
114301110
114303000
114311100
114330000
114411000
122100000
122100003
122100030
122100033
122100111
122100114
122100141
122100222
122100300
122100303
122100330
122100411
122101110
122101113
122101140
122101221
122101410
122102220
122103000
122103003
122103030
122103111
122103300
122104110
122111100
122111103
122111130
122111211
122111400
122112210
122114100
122122200
122130000
122130003
122130030
122130111
122130300
122131110
122133000
122141100
122211000
122211003
122211030
122211111
122211300
122212110
122214000
122222100
122241000
122322000
122400000
122400003
122400030
122400111
122400300
122401110
122403000
122411100
122430000
123210000
123210003
123210030
123210111
123210300
123211110
123213000
123221100
123240000
123321000
124320000
133200000
133200003
133200030
133200111
133200300
133201110
133203000
133211100
133230000
133311000
134310000
141000000
141000003
141000030
141000033
141000111
141000114
141000141
141000222
141000300
141000303
141000330
141000411
141001110
141001113
141001140
141001221
141001410
141002220
141003000
141003003
141003030
141003111
141003300
141004110
141011100
141011103
141011130
141011211
141011400
141012210
141014100
141022200
141030000
141030003
141030030
141030111
141030300
141031110
141033000
141041100
141111000
141111003
141111030
141111111
141111300
141112110
141114000
141122100
141141000
141222000
141300000
141300003
141300030
141300111
141300300
141301110
141303000
141311100
141330000
141411000
142110000
142110003
142110030
142110111
142110300
142111110
142113000
142121100
142140000
142221000
142410000
143220000
144000000
144000003
144000030
144000111
144000300
144001110
144003000
144011100
144030000
144111000
144300000
222000000
222000003
222000030
222000033
222000111
222000114
222000141
222000222
222000300
222000303
222000330
222000411
222001110
222001113
222001140
222001221
222001410
222002220
222003000
222003003
222003030
222003111
222003300
222004110
222011100
222011103
222011130
222011211
222011400
222012210
222014100
222022200
222030000
222030003
222030030
222030111
222030300
222031110
222033000
222041100
222111000
222111003
222111030
222111111
222111300
222112110
222114000
222122100
222141000
222222000
222300000
222300003
222300030
222300111
222300300
222301110
222303000
222311100
222330000
222411000
223110000
223110003
223110030
223110111
223110300
223111110
223113000
223121100
223140000
223221000
223410000
224220000
233100000
233100003
233100030
233100111
233100300
233101110
233103000
233111100
233130000
233211000
233400000
234210000
244200000
300000000
300000003
300000030
300000033
300000111
300000114
300000141
300000144
300000222
300000300
300000303
300000330
300000333
300000411
300000414
300000441
300001110
300001113
300001140
300001143
300001221
300001224
300001332
300001410
300001413
300001440
300002220
300002223
300002331
300003000
300003003
300003030
300003033
300003111
300003114
300003141
300003222
300003300
300003303
300003330
300003411
300004110
300004113
300004140
300004221
300004410
300011100
300011103
300011130
300011133
300011211
300011214
300011241
300011322
300011400
300011403
300011430
300012210
300012213
300012240
300012321
300013320
300014100
300014103
300014130
300014211
300014400
300022200
300022203
300022230
300022311
300023310
300030000
300030003
300030030
300030033
300030111
300030114
300030141
300030222
300030300
300030303
300030330
300030411
300031110
300031113
300031140
300031221
300031410
300032220
300033000
300033003
300033030
300033111
300033300
300034110
300041100
300041103
300041130
300041211
300041400
300042210
300044100
300111000
300111003
300111030
300111033
300111111
300111114
300111141
300111222
300111300
300111303
300111330
300111411
300112110
300112113
300112140
300112221
300112410
300113220
300114000
300114003
300114030
300114111
300114300
300122100
300122103
300122130
300122211
300122400
300123210
300133200
300141000
300141003
300141030
300141111
300141300
300142110
300144000
300222000
300222003
300222030
300222111
300222300
300223110
300233100
300300000
300300003
300300030
300300033
300300111
300300114
300300141
300300222
300300300
300300303
300300330
300300411
300301110
300301113
300301140
300301221
300301410
300302220
300303000
300303003
300303030
300303111
300303300
300304110
300311100
300311103
300311130
300311211
300311400
300312210
300314100
300322200
300330000
300330003
300330030
300330111
300330300
300331110
300333000
300341100
300411000
300411003
300411030
300411111
300411300
300412110
300414000
300422100
300441000
301110000
301110003
301110030
301110033
301110111
301110114
301110141
301110222
301110300
301110303
301110330
301110411
301111110
301111113
301111140
301111221
301111410
301112220
301113000
301113003
301113030
301113111
301113300
301114110
301121100
301121103
301121130
301121211
301121400
301122210
301124100
301132200
301140000
301140003
301140030
301140111
301140300
301141110
301143000
301221000
301221003
301221030
301221111
301221300
301222110
301224000
301232100
301332000
301410000
301410003
301410030
301410111
301410300
301411110
301413000
301421100
301440000
302220000
302220003
302220030
302220111
302220300
302221110
302223000
302231100
302331000
303000000
303000003
303000030
303000033
303000111
303000114
303000141
303000222
303000300
303000303
303000330
303000411
303001110
303001113
303001140
303001221
303001410
303002220
303003000
303003003
303003030
303003111
303003300
303004110
303011100
303011103
303011130
303011211
303011400
303012210
303014100
303022200
303030000
303030003
303030030
303030111
303030300
303031110
303033000
303041100
303111000
303111003
303111030
303111111
303111300
303112110
303114000
303122100
303141000
303222000
303300000
303300003
303300030
303300111
303300300
303301110
303303000
303311100
303330000
303411000
304110000
304110003
304110030
304110111
304110300
304111110
304113000
304121100
304140000
304221000
304410000
311100000
311100003
311100030
311100033
311100111
311100114
311100141
311100222
311100300
311100303
311100330
311100411
311101110
311101113
311101140
311101221
311101410
311102220
311103000
311103003
311103030
311103111
311103300
311104110
311111100
311111103
311111130
311111211
311111400
311112210
311114100
311122200
311130000
311130003
311130030
311130111
311130300
311131110
311133000
311141100
311211000
311211003
311211030
311211111
311211300
311212110
311214000
311222100
311241000
311322000
311400000
311400003
311400030
311400111
311400300
311401110
311403000
311411100
311430000
312210000
312210003
312210030
312210111
312210300
312211110
312213000
312221100
312240000
312321000
313320000
314100000
314100003
314100030
314100111
314100300
314101110
314103000
314111100
314130000
314211000
314400000
322200000
322200003
322200030
322200111
322200300
322201110
322203000
322211100
322230000
322311000
323310000
330000000
330000003
330000030
330000033
330000111
330000114
330000141
330000222
330000300
330000303
330000330
330000411
330001110
330001113
330001140
330001221
330001410
330002220
330003000
330003003
330003030
330003111
330003300
330004110
330011100
330011103
330011130
330011211
330011400
330012210
330014100
330022200
330030000
330030003
330030030
330030111
330030300
330031110
330033000
330041100
330111000
330111003
330111030
330111111
330111300
330112110
330114000
330122100
330141000
330222000
330300000
330300003
330300030
330300111
330300300
330301110
330303000
330311100
330330000
330411000
331110000
331110003
331110030
331110111
331110300
331111110
331113000
331121100
331140000
331221000
331410000
332220000
333000000
333000003
333000030
333000111
333000300
333001110
333003000
333011100
333030000
333111000
333300000
334110000
341100000
341100003
341100030
341100111
341100300
341101110
341103000
341111100
341130000
341211000
341400000
342210000
344100000
411000000
411000003
411000030
411000033
411000111
411000114
411000141
411000222
411000300
411000303
411000330
411000411
411001110
411001113
411001140
411001221
411001410
411002220
411003000
411003003
411003030
411003111
411003300
411004110
411011100
411011103
411011130
411011211
411011400
411012210
411014100
411022200
411030000
411030003
411030030
411030111
411030300
411031110
411033000
411041100
411111000
411111003
411111030
411111111
411111300
411112110
411114000
411122100
411141000
411222000
411300000
411300003
411300030
411300111
411300300
411301110
411303000
411311100
411330000
411411000
412110000
412110003
412110030
412110111
412110300
412111110
412113000
412121100
412140000
412221000
412410000
413220000
414000000
414000003
414000030
414000111
414000300
414001110
414003000
414011100
414030000
414111000
414300000
422100000
422100003
422100030
422100111
422100300
422101110
422103000
422111100
422130000
422211000
422400000
423210000
433200000
441000000
441000003
441000030
441000111
441000300
441001110
441003000
441011100
441030000
441111000
441300000
442110000
444000000
