000000002
000000020
000000023
000000032
000000113
000000131
000000134
000000143
000000200
000000203
000000224
000000230
000000233
000000242
000000302
000000311
000000314
000000320
000000323
000000332
000000341
000000344
000000413
000000422
000000431
000000434
000000443
000001112
000001130
000001133
000001142
000001223
000001241
000001244
000001310
000001313
000001334
000001340
000001343
000001412
000001421
000001424
000001430
000001433
000001442
000002000
000002003
000002030
000002033
000002111
000002114
000002141
000002144
000002222
000002240
000002243
000002300
000002303
000002330
000002333
000002411
000002414
000002420
000002423
000002441
000003002
000003020
000003023
000003032
000003110
000003113
000003131
000003134
000003140
000003143
000003200
000003203
000003221
000003224
000003230
000003233
000003242
000003302
000003311
000003314
000003320
000003323
000003332
000003341
000003410
000003413
000003422
000003431
000003440
000004112
000004130
000004133
000004142
000004220
000004223
000004241
000004310
000004313
000004331
000004340
000004412
000004421
000004430
000011102
000011120
000011123
000011132
000011213
000011231
000011234
000011243
000011300
000011303
000011324
000011330
000011333
000011342
000011402
000011411
000011414
000011420
000011423
000011432
000011441
000012212
000012230
000012233
000012242
000012323
000012341
000012410
000012413
000012440
000013100
000013103
000013130
000013133
000013211
000013214
000013241
000013322
000013340
000013400
000013403
000013430
000014102
000014120
000014123
000014132
000014210
000014213
000014231
000014240
000014300
000014303
000014321
000014330
000014402
000014411
000014420
000020000
000020003
000020030
000020033
000020111
000020114
000020141
000020144
000020222
000020300
000020303
000020330
000020333
000020411
000020414
000020441
000021110
000021113
000021140
000021143
000021221
000021224
000021332
000021410
000021413
000021440
000022202
000022220
000022223
000022232
000022313
000022331
000022400
000022403
000022430
000023000
000023003
000023030
000023033
000023111
000023114
000023141
000023222
000023300
000023303
000023312
000023330
000023411
000024110
000024113
000024140
000024200
000024203
000024221
000024230
000024311
000024410
000030002
000030020
000030023
000030032
000030113
000030131
000030134
000030143
000030200
000030203
000030224
000030230
000030233
000030242
000030302
000030311
000030314
000030320
000030323
000030332
000030341
000030413
000030422
000030431
000031100
000031103
000031112
000031130
000031133
000031142
000031211
000031214
000031223
000031241
000031310
000031313
000031322
000031340
000031400
000031403
000031412
000031421
000031430
000032000
000032003
000032030
000032033
000032111
000032114
000032141
000032210
000032213
000032222
000032240
000032300
000032303
000032321
000032330
000032411
000032420
000033002
000033020
000033023
000033032
000033110
000033113
000033131
000033140
000033200
000033203
000033221
000033230
000033302
000033311
000033320
000033410
000034100
000034103
000034112
000034130
000034211
000034220
000034310
000034400
000041102
000041120
000041123
000041132
000041213
000041231
000041300
000041303
000041330
000041402
000041411
000041420
000042200
000042203
000042212
000042230
000042311
000042410
000043100
000043103
000043130
000043211
000043310
000043400
000044102
000044120
000044210
000044300
000111002
000111020
000111023
000111032
000111113
000111131
000111134
000111143
000111200
000111203
000111224
000111230
000111233
000111242
000111302
000111311
000111314
000111320
000111323
000111332
000111341
000111413
000111422
000111431
000112112
000112130
000112133
000112142
000112223
000112241
000112310
000112313
000112340
000112412
000112421
000112430
000113000
000113003
000113030
000113033
000113111
000113114
000113141
000113222
000113240
000113300
000113303
000113330
000113411
000113420
000114002
000114020
000114023
000114032
000114110
000114113
000114131
000114140
000114200
000114203
000114221
000114230
000114302
000114311
000114320
000114410
000122102
000122120
000122123
000122132
000122213
000122231
000122300
000122303
000122330
000122402
000122411
000122420
000123212
000123230
000123410
000124100
000124103
000124130
000124211
000124400
000131000
000131003
000131030
000131033
000131111
000131114
000131141
000131222
000131300
000131303
000131330
000131411
000132110
000132113
000132140
000132221
000132410
000133202
000133220
000133400
000134000
000134003
000134030
000134111
000134300
000141002
000141020
000141023
000141032
000141113
000141131
000141200
000141203
000141230
000141302
000141311
000141320
000142100
000142103
000142112
000142130
000142211
000142310
000142400
000143000
000143003
000143030
000143111
000143210
000143300
000144002
000144020
000144110
000144200
000200000
000200003
000200030
000200033
000200111
000200114
000200141
000200144
000200222
000200300
000200303
000200330
000200333
000200411
000200414
000200441
000201110
000201113
000201140
000201143
000201221
000201224
000201332
000201410
000201413
000201440
000202220
000202223
000202331
000203000
000203003
000203030
000203033
000203111
000203114
000203141
000203222
000203300
000203303
000203330
000203411
000204110
000204113
000204140
000204221
000204410
000211100
000211103
000211130
000211133
000211211
000211214
000211241
000211322
000211400
000211403
000211430
000212210
000212213
000212240
000212321
000213320
000214100
000214103
000214130
000214211
000214400
000222002
000222020
000222023
000222032
000222113
000222131
000222200
000222203
000222230
000222302
000222311
000222320
000223112
000223130
000223310
000224000
000224003
000224030
000224111
000224300
000230000
000230003
000230030
000230033
000230111
000230114
000230141
000230222
000230300
000230303
000230330
000230411
000231110
000231113
000231140
000231221
000231410
000232220
000233000
000233003
000233030
000233102
000233111
000233120
000233300
000234110
000241100
000241103
000241130
000241211
000241400
000242000
000242003
000242030
000242111
000242210
000242300
000243110
000244100
000300002
000300020
000300023
000300032
000300113
000300131
000300134
000300143
000300200
000300203
000300224
000300230
000300233
000300242
000300302
000300311
000300314
000300320
000300323
000300332
000300341
000300413
000300422
000300431
000301112
000301130
000301133
000301142
000301223
000301241
000301310
000301313
000301340
000301412
000301421
000301430
000302000
000302003
000302030
000302033
000302111
000302114
000302141
000302222
000302240
000302300
000302303
000302330
000302411
000302420
000303002
000303020
000303023
000303032
000303110
000303113
000303131
000303140
000303200
000303203
000303221
000303230
000303302
000303311
000303320
000303410
000304112
000304130
000304220
000304310
000311000
000311003
000311030
000311033
000311102
000311111
000311114
000311120
000311123
000311132
000311141
000311213
000311222
000311231
000311300
000311303
000311330
000311402
000311411
000311420
000312110
000312113
000312140
000312212
000312221
000312230
000312410
000313100
000313103
000313130
000313211
000313220
000313400
000314000
000314003
000314030
000314102
000314111
000314120
000314210
000314300
000320000
000320003
000320030
000320033
000320111
000320114
000320141
000320222
000320300
000320303
000320330
000320411
000321110
000321113
000321140
000321221
000321410
000322100
000322103
000322130
000322202
000322211
000322220
000322400
000323000
000323003
000323030
000323111
000323210
000323300
000324110
000324200
000330002
000330020
000330023
000330032
000330113
000330131
000330200
000330203
000330230
000330302
000330311
000330320
000331100
000331103
000331112
000331130
000331211
000331310
000331400
000332000
000332003
000332030
000332111
000332210
000332300
000333002
000333020
000333110
000333200
000334100
000341000
000341003
000341030
000341102
000341111
000341120
000341300
000342110
000342200
000343100
000344000
000411002
000411020
000411023
000411032
000411113
000411131
000411200
000411203
000411230
000411302
000411311
000411320
000412112
000412130
000412310
000413000
000413003
000413030
000413111
000413300
000414002
000414020
000414110
000414200
000422000
000422003
000422030
000422102
000422111
000422120
000422300
000423110
000424100
000431000
000431003
000431030
000431111
000431300
000432110
000433100
000434000
000441002
000441020
000441200
000442100
000443000
001110002
001110020
001110023
001110032
001110113
001110131
001110134
001110143
001110200
001110203
001110224
001110230
001110233
001110242
001110302
001110311
001110314
001110320
001110323
001110332
001110341
001110413
001110422
001110431
001111112
001111130
001111133
001111142
001111223
001111241
001111310
001111313
001111340
001111412
001111421
001111430
001112000
001112003
001112030
001112033
001112111
001112114
001112141
001112222
001112240
001112300
001112303
001112330
001112411
001112420
001113002
001113020
001113023
001113032
001113110
001113113
001113131
001113140
001113200
001113203
001113221
001113230
001113302
001113311
001113320
001113410
001114112
001114130
001114220
001114310
001121102
001121120
001121123
001121132
001121213
001121231
001121300
001121303
001121330
001121402
001121411
001121420
001122212
001122230
001122410
001123100
001123103
001123130
001123211
001123400
001124102
001124120
001124210
001124300
001130000
001130003
001130030
001130033
001130111
001130114
001130141
001130222
001130300
001130303
001130330
001130411
001131110
001131113
001131140
001131221
001131410
001132202
001132220
001132400
001133000
001133003
001133030
001133111
001133300
001134110
001134200
001140002
001140020
001140023
001140032
001140113
001140131
001140200
001140203
001140230
001140302
001140311
001140320
001141100
001141103
001141112
001141130
001141211
001141310
001141400
001142000
001142003
001142030
001142111
001142210
001142300
001143002
001143020
001143110
001143200
001144100
001221002
001221020
001221023
001221032
001221113
001221131
001221200
001221203
001221230
001221302
001221311
001221320
001222112
001222130
001222310
001223000
001223003
001223030
001223111
001223300
001224002
001224020
001224110
001224200
001232102
001232120
001232300
001234100
001241000
001241003
001241030
001241111
001241300
001242110
001244000
001310000
001310003
001310030
001310033
001310111
001310114
001310141
001310222
001310300
001310303
001310330
001310411
001311110
001311113
001311140
001311221
001311410
001312220
001313000
001313003
001313030
001313111
001313300
001314110
001321100
001321103
001321130
001321211
001321400
001322210
001324100
001332002
001332020
001332200
001334000
001340000
001340003
001340030
001340111
001340300
001341110
001343000
001410002
001410020
001410023
001410032
001410113
001410131
001410200
001410203
001410230
001410302
001410311
001410320
001411112
001411130
001411310
001412000
001412003
001412030
001412111
001412300
001413002
001413020
001413110
001413200
001421000
001421003
001421030
001421102
001421111
001421120
001421300
001422110
001423100
001424000
001430000
001430003
001430030
001430111
001430300
001431110
001432100
001433000
001440002
001440020
001440200
001441100
001442000
002000000
002000003
002000030
002000033
002000111
002000114
002000141
002000144
002000222
002000300
002000303
002000330
002000333
002000411
002000414
002000441
002001110
002001113
002001140
002001143
002001221
002001224
002001332
002001410
002001413
002001440
002002220
002002223
002002331
002003000
002003003
002003030
002003033
002003111
002003114
002003141
002003222
002003300
002003303
002003330
002003411
002004110
002004113
002004140
002004221
002004410
002011100
002011103
002011130
002011133
002011211
002011214
002011241
002011322
002011400
002011403
002011430
002012210
002012213
002012240
002012321
002013320
002014100
002014103
002014130
002014211
002014400
002022200
002022203
002022230
002022311
002023310
002030000
002030003
002030030
002030033
002030111
002030114
002030141
002030222
002030300
002030303
002030330
002030411
002031110
002031113
002031140
002031221
002031410
002032220
002033000
002033003
002033030
002033111
002033300
002034110
002041100
002041103
002041130
002041211
002041400
002042210
002044100
002111000
002111003
002111030
002111033
002111111
002111114
002111141
002111222
002111300
002111303
002111330
002111411
002112110
002112113
002112140
002112221
002112410
002113220
002114000
002114003
002114030
002114111
002114300
002122100
002122103
002122130
002122211
002122400
002123210
002133200
002141000
002141003
002141030
002141111
002141300
002142110
002144000
002220002
002220020
002220023
002220032
002220113
002220131
002220200
002220203
002220230
002220302
002220311
002220320
002221112
002221130
002221310
002222000
002222003
002222030
002222111
002222300
002223002
002223020
002223110
002223200
002231102
002231120
002231300
002233100
002240000
002240003
002240030
002240111
002240300
002241110
002243000
002300000
002300003
002300030
002300033
002300111
002300114
002300141
002300222
002300300
002300303
002300330
002300411
002301110
002301113
002301140
002301221
002301410
002302220
002303000
002303003
002303030
002303111
002303300
002304110
002311100
002311103
002311130
002311211
002311400
002312210
002314100
002322200
002330000
002330003
002330030
002330111
002330300
002331002
002331020
002331110
002331200
002333000
002341100
002411000
002411003
002411030
002411111
002411300
002412110
002414000
002420000
002420003
002420030
002420111
002420300
002421110
002422100
002423000
002431100
002441000
003000002
003000020
003000023
003000032
003000113
003000131
003000134
003000143
003000200
003000203
003000224
003000230
003000233
003000242
003000302
003000311
003000314
003000320
003000323
003000332
003000341
003000413
003000422
003000431
003001112
003001130
003001133
003001142
003001223
003001241
003001310
003001313
003001340
003001412
003001421
003001430
003002000
003002003
003002030
003002033
003002111
003002114
003002141
003002222
003002240
003002300
003002303
003002330
003002411
003002420
003003002
003003020
003003023
003003032
003003110
003003113
003003131
003003140
003003200
003003203
003003221
003003230
003003302
003003311
003003320
003003410
003004112
003004130
003004220
003004310
003011102
003011120
003011123
003011132
003011213
003011231
003011300
003011303
003011330
003011402
003011411
003011420
003012212
003012230
003012410
003013100
003013103
003013130
003013211
003013400
003014102
003014120
003014210
003014300
003020000
003020003
003020030
003020033
003020111
003020114
003020141
003020222
003020300
003020303
003020330
003020411
003021110
003021113
003021140
003021221
003021410
003022202
003022220
003022400
003023000
003023003
003023030
003023111
003023300
003024110
003024200
003030002
003030020
003030023
003030032
003030113
003030131
003030200
003030203
003030230
003030302
003030311
003030320
003031100
003031103
003031112
003031130
003031211
003031310
003031400
003032000
003032003
003032030
003032111
003032210
003032300
003033002
003033020
003033110
003033200
003034100
003041102
003041120
003041300
003042200
003043100
003110000
003110003
003110030
003110033
003110111
003110114
003110141
003110222
003110300
003110303
003110330
003110411
003111002
003111020
003111023
003111032
003111110
003111113
003111131
003111140
003111200
003111203
003111221
003111230
003111302
003111311
003111320
003111410
003112112
003112130
003112220
003112310
003113000
003113003
003113030
003113111
003113300
003114002
003114020
003114110
003114200
003121100
003121103
003121130
003121211
003121400
003122102
003122120
003122210
003122300
003124100
003131000
003131003
003131030
003131111
003131300
003132110
003132200
003134000
003140000
003140003
003140030
003140111
003140300
003141002
003141020
003141110
003141200
003142100
003143000
003200000
003200003
003200030
003200033
003200111
003200114
003200141
003200222
003200300
003200303
003200330
003200411
003201110
003201113
003201140
003201221
003201410
003202220
003203000
003203003
003203030
003203111
003203300
003204110
003211100
003211103
003211130
003211211
003211400
003212210
003214100
003221000
003221003
003221030
003221111
003221300
003222002
003222020
003222110
003222200
003224000
003230000
003230003
003230030
003230111
003230300
003231110
003232100
003233000
003241100
003242000
003300002
003300020
003300023
003300032
003300113
003300131
003300200
003300203
003300230
003300302
003300311
003300320
003301112
003301130
003301310
003302000
003302003
003302030
003302111
003302300
003303002
003303020
003303110
003303200
003311000
003311003
003311030
003311102
003311111
003311120
003311300
003312110
003313100
003314000
003320000
003320003
003320030
003320111
003320300
003321110
003322100
003323000
003330002
003330020
003330200
003331100
003332000
003341000
003410000
003410003
003410030
003410111
003410300
003411002
003411020
003411110
003411200
003413000
003421100
003422000
003431000
003440000
004110002
004110020
004110023
004110032
004110113
004110131
004110200
004110203
004110230
004110302
004110311
004110320
004111112
004111130
004111310
004112000
004112003
004112030
004112111
004112300
004113002
004113020
004113110
004113200
004121102
004121120
004121300
004123100
004130000
004130003
004130030
004130111
004130300
004131110
004133000
004140002
004140020
004140200
004141100
004142000
004220000
004220003
004220030
004220111
004220300
004221002
004221020
004221110
004221200
004223000
004231100
004241000
004310000
004310003
004310030
004310111
004310300
004311110
004313000
004321100
004331000
004340000
004410002
004410020
004410200
004412000
004421000
004430000
011100002
011100020
011100023
011100032
011100113
011100131
011100134
011100143
011100200
011100203
011100224
011100230
011100233
011100242
011100302
011100311
011100314
011100320
011100323
011100332
011100341
011100413
011100422
011100431
011101112
011101130
011101133
011101142
011101223
011101241
011101310
011101313
011101340
011101412
011101421
011101430
011102000
011102003
011102030
011102033
011102111
011102114
011102141
011102222
011102240
011102300
011102303
011102330
011102411
011102420
011103002
011103020
011103023
011103032
011103110
011103113
011103131
011103140
011103200
011103203
011103221
011103230
011103302
011103311
011103320
011103410
011104112
011104130
011104220
011104310
011111102
011111120
011111123
011111132
011111213
011111231
011111300
011111303
011111330
011111402
011111411
011111420
011112212
011112230
011112410
011113100
011113103
011113130
011113211
011113400
011114102
011114120
011114210
011114300
011120000
011120003
011120030
011120033
011120111
011120114
011120141
011120222
011120300
011120303
011120330
011120411
011121110
011121113
011121140
011121221
011121410
011122202
011122220
011122400
011123000
011123003
011123030
011123111
011123300
011124110
011124200
011130002
011130020
011130023
011130032
011130113
011130131
011130200
011130203
011130230
011130302
011130311
011130320
011131100
011131103
011131112
011131130
011131211
011131310
011131400
011132000
011132003
011132030
011132111
011132210
011132300
011133002
011133020
011133110
011133200
011134100
011141102
011141120
011141300
011142200
011143100
011211002
011211020
011211023
011211032
011211113
011211131
011211200
011211203
011211230
011211302
011211311
011211320
011212112
011212130
011212310
011213000
011213003
011213030
011213111
011213300
011214002
011214020
011214110
011214200
011222102
011222120
011222300
011224100
011231000
011231003
011231030
011231111
011231300
011232110
011234000
011241002
011241020
011241200
011242100
011243000
011300000
011300003
011300030
011300033
011300111
011300114
011300141
011300222
011300300
011300303
011300330
011300411
011301110
011301113
011301140
011301221
011301410
011302220
011303000
011303003
011303030
011303111
011303300
011304110
011311100
011311103
011311130
011311211
011311400
011312210
011314100
011322002
011322020
011322200
011324000
011330000
011330003
011330030
011330111
011330300
011331110
011333000
011341100
011342000
011400002
011400020
011400023
011400032
011400113
011400131
011400200
011400203
011400230
011400302
011400311
011400320
011401112
011401130
011401310
011402000
011402003
011402030
011402111
011402300
011403002
011403020
011403110
011403200
011411000
011411003
011411030
011411102
011411111
011411120
011411300
011412110
011413100
011414000
011420000
011420003
011420030
011420111
011420300
011421110
011422100
011423000
011430002
011430020
011430200
011431100
011432000
011441000
012210002
012210020
012210023
012210032
012210113
012210131
012210200
012210203
012210230
012210302
012210311
012210320
012211112
012211130
012211310
012212000
012212003
012212030
012212111
012212300
012213002
012213020
012213110
012213200
012221102
012221120
012221300
012223100
012230000
012230003
012230030
012230111
012230300
012231110
012233000
012240002
012240020
012240200
012241100
012242000
012321002
012321020
012321200
012323000
012341000
012410000
012410003
012410030
012410111
012410300
012411110
012413000
012421100
012440000
013100000
013100003
013100030
013100033
013100111
013100114
013100141
013100222
013100300
013100303
013100330
013100411
013101110
013101113
013101140
013101221
013101410
013102220
013103000
013103003
013103030
013103111
013103300
013104110
013111100
013111103
013111130
013111211
013111400
013112210
013114100
013122200
013130000
013130003
013130030
013130111
013130300
013131110
013133000
013141100
013211000
013211003
013211030
013211111
013211300
013212110
013214000
013222100
013241000
013320002
013320020
013320200
013322000
013340000
013400000
013400003
013400030
013400111
013400300
013401110
013403000
013411100
013430000
014100002
014100020
014100023
014100032
014100113
014100131
014100200
014100203
014100230
014100302
014100311
014100320
014101112
014101130
014101310
014102000
014102003
014102030
014102111
014102300
014103002
014103020
014103110
014103200
014111102
014111120
014111300
014113100
014120000
014120003
014120030
014120111
014120300
014121110
014123000
014130002
014130020
014130200
014131100
014132000
014210000
014210003
014210030
014210111
014210300
014211002
014211020
014211110
014211200
014213000
014221100
014231000
014240000
014300000
014300003
014300030
014300111
014300300
014301110
014303000
014311100
014321000
014330000
014400002
014400020
014400200
014402000
014411000
014420000
020000000
020000003
020000030
020000033
020000111
020000114
020000141
020000144
020000222
020000300
020000303
020000330
020000333
020000411
020000414
020000441
020001110
020001113
020001140
020001143
020001221
020001224
020001332
020001410
020001413
020001440
020002220
020002223
020002331
020003000
020003003
020003030
020003033
020003111
020003114
020003141
020003222
020003300
020003303
020003330
020003411
020004110
020004113
020004140
020004221
020004410
020011100
020011103
020011130
020011133
020011211
020011214
020011241
020011322
020011400
020011403
020011430
020012210
020012213
020012240
020012321
020013320
020014100
020014103
020014130
020014211
020014400
020022200
020022203
020022230
020022311
020023310
020030000
020030003
020030030
020030033
020030111
020030114
020030141
020030222
020030300
020030303
020030330
020030411
020031110
020031113
020031140
020031221
020031410
020032220
020033000
020033003
020033030
020033111
020033300
020034110
020041100
020041103
020041130
020041211
020041400
020042210
020044100
020111000
020111003
020111030
020111033
020111111
020111114
020111141
020111222
020111300
020111303
020111330
020111411
020112110
020112113
020112140
020112221
020112410
020113220
020114000
020114003
020114030
020114111
020114300
020122100
020122103
020122130
020122211
020122400
020123210
020133200
020141000
020141003
020141030
020141111
020141300
020142110
020144000
020222000
020222003
020222030
020222111
020222300
020223110
020233100
020300000
020300003
020300030
020300033
020300111
020300114
020300141
020300222
020300300
020300303
020300330
020300411
020301110
020301113
020301140
020301221
020301410
020302220
020303000
020303003
020303030
020303111
020303300
020304110
020311100
020311103
020311130
020311211
020311400
020312210
020314100
020322200
020330000
020330003
020330030
020330111
020330300
020331110
020333000
020341100
020411000
020411003
020411030
020411111
020411300
020412110
020414000
020422100
020441000
021110000
021110003
021110030
021110033
021110111
021110114
021110141
021110222
021110300
021110303
021110330
021110411
021111110
021111113
021111140
021111221
021111410
021112220
021113000
021113003
021113030
021113111
021113300
021114110
021121100
021121103
021121130
021121211
021121400
021122210
021124100
021132200
021140000
021140003
021140030
021140111
021140300
021141110
021143000
021221000
021221003
021221030
021221111
021221300
021222110
021224000
021232100
021332000
021410000
021410003
021410030
021410111
021410300
021411110
021413000
021421100
021440000
022200002
022200020
022200023
022200032
022200113
022200131
022200200
022200203
022200230
022200302
022200311
022200320
022201112
022201130
022201310
022202000
022202003
022202030
022202111
022202300
022203002
022203020
022203110
022203200
022211102
022211120
022211300
022213100
022220000
022220003
022220030
022220111
022220300
022221110
022223000
022230002
022230020
022230200
022231100
022232000
022311002
022311020
022311200
022313000
022331000
022400000
022400003
022400030
022400111
022400300
022401110
022403000
022411100
022430000
023000000
023000003
023000030
023000033
023000111
023000114
023000141
023000222
023000300
023000303
023000330
023000411
023001110
023001113
023001140
023001221
023001410
023002220
023003000
023003003
023003030
023003111
023003300
023004110
023011100
023011103
023011130
023011211
023011400
023012210
023014100
023022200
023030000
023030003
023030030
023030111
023030300
023031110
023033000
023041100
023111000
023111003
023111030
023111111
023111300
023112110
023114000
023122100
023141000
023222000
023300000
023300003
023300030
023300111
023300300
023301110
023303000
023310002
023310020
023310200
023311100
023312000
023330000
023411000
024110000
024110003
024110030
024110111
024110300
024111110
024113000
024121100
024140000
024200000
024200003
024200030
024200111
024200300
024201110
024203000
024211100
024221000
024230000
024311000
024410000
030000002
030000020
030000023
030000032
030000113
030000131
030000134
030000143
030000200
030000203
030000224
030000230
030000233
030000242
030000302
030000311
030000314
030000320
030000323
030000332
030000341
030000413
030000422
030000431
030001112
030001130
030001133
030001142
030001223
030001241
030001310
030001313
030001340
030001412
030001421
030001430
030002000
030002003
030002030
030002033
030002111
030002114
030002141
030002222
030002240
030002300
030002303
030002330
030002411
030002420
030003002
030003020
030003023
030003032
030003110
030003113
030003131
030003140
030003200
030003203
030003221
030003230
030003302
030003311
030003320
030003410
030004112
030004130
030004220
030004310
030011102
030011120
030011123
030011132
030011213
030011231
030011300
030011303
030011330
030011402
030011411
030011420
030012212
030012230
030012410
030013100
030013103
030013130
030013211
030013400
030014102
030014120
030014210
030014300
030020000
030020003
030020030
030020033
030020111
030020114
030020141
030020222
030020300
030020303
030020330
030020411
030021110
030021113
030021140
030021221
030021410
030022202
030022220
030022400
030023000
030023003
030023030
030023111
030023300
030024110
030024200
030030002
030030020
030030023
030030032
030030113
030030131
030030200
030030203
030030230
030030302
030030311
030030320
030031100
030031103
030031112
030031130
030031211
030031310
030031400
030032000
030032003
030032030
030032111
030032210
030032300
030033002
030033020
030033110
030033200
030034100
030041102
030041120
030041300
030042200
030043100
030111002
030111020
030111023
030111032
030111113
030111131
030111200
030111203
030111230
030111302
030111311
030111320
030112112
030112130
030112310
030113000
030113003
030113030
030113111
030113300
030114002
030114020
030114110
030114200
030122102
030122120
030122300
030124100
030131000
030131003
030131030
030131111
030131300
030132110
030134000
030141002
030141020
030141200
030142100
030143000
030200000
030200003
030200030
030200033
030200111
030200114
030200141
030200222
030200300
030200303
030200330
030200411
030201110
030201113
030201140
030201221
030201410
030202220
030203000
030203003
030203030
030203111
030203300
030204110
030211100
030211103
030211130
030211211
030211400
030212210
030214100
030222002
030222020
030222200
030224000
030230000
030230003
030230030
030230111
030230300
030231110
030233000
030241100
030242000
030300002
030300020
030300023
030300032
030300113
030300131
030300200
030300203
030300230
030300302
030300311
030300320
030301112
030301130
030301310
030302000
030302003
030302030
030302111
030302300
030303002
030303020
030303110
030303200
030311000
030311003
030311030
030311102
030311111
030311120
030311300
030312110
030313100
030314000
030320000
030320003
030320030
030320111
030320300
030321110
030322100
030323000
030330002
030330020
030330200
030331100
030332000
030341000
030411002
030411020
030411200
030413000
030422000
030431000
031100000
031100003
031100030
031100033
031100111
031100114
031100141
031100222
031100300
031100303
031100330
031100411
031101110
031101113
031101140
031101221
031101410
031102220
031103000
031103003
031103030
031103111
031103300
031104110
031110002
031110020
031110023
031110032
031110113
031110131
031110200
031110203
031110230
031110302
031110311
031110320
031111100
031111103
031111112
031111130
031111211
031111310
031111400
031112000
031112003
031112030
031112111
031112210
031112300
031113002
031113020
031113110
031113200
031114100
031121102
031121120
031121300
031122200
031123100
031130000
031130003
031130030
031130111
031130300
031131110
031133000
031140002
031140020
031140200
031141100
031142000
031211000
031211003
031211030
031211111
031211300
031212110
031214000
031221002
031221020
031221200
031222100
031223000
031241000
031310000
031310003
031310030
031310111
031310300
031311110
031313000
031321100
031322000
031340000
031400000
031400003
031400030
031400111
031400300
031401110
031403000
031410002
031410020
031410200
031411100
031412000
031421000
031430000
032000000
032000003
032000030
032000033
032000111
032000114
032000141
032000222
032000300
032000303
032000330
032000411
032001110
032001113
032001140
032001221
032001410
032002220
032003000
032003003
032003030
032003111
032003300
032004110
032011100
032011103
032011130
032011211
032011400
032012210
032014100
032022200
032030000
032030003
032030030
032030111
032030300
032031110
032033000
032041100
032111000
032111003
032111030
032111111
032111300
032112110
032114000
032122100
032141000
032210000
032210003
032210030
032210111
032210300
032211110
032213000
032220002
032220020
032220200
032221100
032222000
032240000
032300000
032300003
032300030
032300111
032300300
032301110
032303000
032311100
032321000
032330000
032411000
032420000
033000002
033000020
033000023
033000032
033000113
033000131
033000200
033000203
033000230
033000302
033000311
033000320
033001112
033001130
033001310
033002000
033002003
033002030
033002111
033002300
033003002
033003020
033003110
033003200
033011102
033011120
033011300
033013100
033020000
033020003
033020030
033020111
033020300
033021110
033023000
033030002
033030020
033030200
033031100
033032000
033110000
033110003
033110030
033110111
033110300
033111002
033111020
033111110
033111200
033113000
033121100
033131000
033140000
033200000
033200003
033200030
033200111
033200300
033201110
033203000
033211100
033221000
033230000
033300002
033300020
033300200
033302000
033311000
033320000
033410000
034100000
034100003
034100030
034100111
034100300
034101110
034103000
034110002
034110020
034110200
034111100
034112000
034130000
034211000
034220000
034310000
034400000
041100002
041100020
041100023
041100032
041100113
041100131
041100200
041100203
041100230
041100302
041100311
041100320
041101112
041101130
041101310
041102000
041102003
041102030
041102111
041102300
041103002
041103020
041103110
041103200
041111102
041111120
041111300
041113100
041120000
041120003
041120030
041120111
041120300
041121110
041123000
041130002
041130020
041130200
041131100
041132000
041211002
041211020
041211200
041213000
041231000
041300000
041300003
041300030
041300111
041300300
041301110
041303000
041311100
041330000
041400002
041400020
041400200
041402000
041411000
041420000
042200000
042200003
042200030
042200111
042200300
042201110
042203000
042210002
042210020
042210200
042211100
042212000
042230000
042311000
042410000
043100000
043100003
043100030
043100111
043100300
043101110
043103000
043111100
043130000
043211000
043310000
043400000
044100002
044100020
044100200
044102000
044120000
044210000
044300000
111000002
111000020
111000023
111000032
111000113
111000131
111000134
111000143
111000200
111000203
111000224
111000230
111000233
111000242
111000302
111000311
111000314
111000320
111000323
111000332
111000341
111000413
111000422
111000431
111001112
111001130
111001133
111001142
111001223
111001241
111001310
111001313
111001340
111001412
111001421
111001430
111002000
111002003
111002030
111002033
111002111
111002114
111002141
111002222
111002240
111002300
111002303
111002330
111002411
111002420
111003002
111003020
111003023
111003032
111003110
111003113
111003131
111003140
111003200
111003203
111003221
111003230
111003302
111003311
111003320
111003410
111004112
111004130
111004220
111004310
111011102
111011120
111011123
111011132
111011213
111011231
111011300
111011303
111011330
111011402
111011411
111011420
111012212
111012230
111012410
111013100
111013103
111013130
111013211
111013400
111014102
111014120
111014210
111014300
111020000
111020003
111020030
111020033
111020111
111020114
111020141
111020222
111020300
111020303
111020330
111020411
111021110
111021113
111021140
111021221
111021410
111022202
111022220
111022400
111023000
111023003
111023030
111023111
111023300
111024110
111024200
111030002
111030020
111030023
111030032
111030113
111030131
111030200
111030203
111030230
111030302
111030311
111030320
111031100
111031103
111031112
111031130
111031211
111031310
111031400
111032000
111032003
111032030
111032111
111032210
111032300
111033002
111033020
111033110
111033200
111034100
111041102
111041120
111041300
111042200
111043100
111111002
111111020
111111023
111111032
111111113
111111131
111111200
111111203
111111230
111111302
111111311
111111320
111112112
111112130
111112310
111113000
111113003
111113030
111113111
111113300
111114002
111114020
111114110
111114200
111122102
111122120
111122300
111124100
111131000
111131003
111131030
111131111
111131300
111132110
111134000
111141002
111141020
111141200
111142100
111143000
111200000
111200003
111200030
111200033
111200111
111200114
111200141
111200222
111200300
111200303
111200330
111200411
111201110
111201113
111201140
111201221
111201410
111202220
111203000
111203003
111203030
111203111
111203300
111204110
111211100
111211103
111211130
111211211
111211400
111212210
111214100
111222002
111222020
111222200
111224000
111230000
111230003
111230030
111230111
111230300
111231110
111233000
111241100
111242000
111300002
111300020
111300023
111300032
111300113
111300131
111300200
111300203
111300230
111300302
111300311
111300320
111301112
111301130
111301310
111302000
111302003
111302030
111302111
111302300
111303002
111303020
111303110
111303200
111311000
111311003
111311030
111311102
111311111
111311120
111311300
111312110
111313100
111314000
111320000
111320003
111320030
111320111
111320300
111321110
111322100
111323000
111330002
111330020
111330200
111331100
111332000
111341000
111411002
111411020
111411200
111413000
111422000
111431000
112110002
112110020
112110023
112110032
112110113
112110131
112110200
112110203
112110230
112110302
112110311
112110320
112111112
112111130
112111310
112112000
112112003
112112030
112112111
112112300
112113002
112113020
112113110
112113200
112121102
112121120
112121300
112123100
112130000
112130003
112130030
112130111
112130300
112131110
112133000
112140002
112140020
112140200
112141100
112142000
112221002
112221020
112221200
112223000
112241000
112310000
112310003
112310030
112310111
112310300
112311110
112313000
112321100
112340000
112410002
112410020
112410200
112412000
112421000
112430000
113000000
113000003
113000030
113000033
113000111
113000114
113000141
113000222
113000300
113000303
113000330
113000411
113001110
113001113
113001140
113001221
113001410
113002220
113003000
113003003
113003030
113003111
113003300
113004110
113011100
113011103
113011130
113011211
113011400
113012210
113014100
113022200
113030000
113030003
113030030
113030111
113030300
113031110
113033000
113041100
113111000
113111003
113111030
113111111
113111300
113112110
113114000
113122100
113141000
113220002
113220020
113220200
113222000
113240000
113300000
113300003
113300030
113300111
113300300
113301110
113303000
113311100
113330000
113411000
113420000
114000002
114000020
114000023
114000032
114000113
114000131
114000200
114000203
114000230
114000302
114000311
114000320
114001112
114001130
114001310
114002000
114002003
114002030
114002111
114002300
114003002
114003020
114003110
114003200
114011102
114011120
114011300
114013100
114020000
114020003
114020030
114020111
114020300
114021110
114023000
114030002
114030020
114030200
114031100
114032000
114110000
114110003
114110030
114110111
114110300
114111002
114111020
114111110
114111200
114113000
114121100
114131000
114140000
114200000
114200003
114200030
114200111
114200300
114201110
114203000
114211100
114221000
114230000
114300002
114300020
114300200
114302000
114311000
114320000
114410000
122100002
122100020
122100023
122100032
122100113
122100131
122100200
122100203
122100230
122100302
122100311
122100320
122101112
122101130
122101310
122102000
122102003
122102030
122102111
122102300
122103002
122103020
122103110
122103200
122111102
122111120
122111300
122113100
122120000
122120003
122120030
122120111
122120300
122121110
122123000
122130002
122130020
122130200
122131100
122132000
122211002
122211020
122211200
122213000
122231000
122300000
122300003
122300030
122300111
122300300
122301110
122303000
122311100
122330000
122400002
122400020
122400200
122402000
122411000
122420000
123210002
123210020
123210200
123212000
123230000
123410000
124100000
124100003
124100030
124100111
124100300
124101110
124103000
124111100
124130000
124211000
124400000
131000000
131000003
131000030
131000033
131000111
131000114
131000141
131000222
131000300
131000303
131000330
131000411
131001110
131001113
131001140
131001221
131001410
131002220
131003000
131003003
131003030
131003111
131003300
131004110
131011100
131011103
131011130
131011211
131011400
131012210
131014100
131022200
131030000
131030003
131030030
131030111
131030300
131031110
131033000
131041100
131111000
131111003
131111030
131111111
131111300
131112110
131114000
131122100
131141000
131222000
131300000
131300003
131300030
131300111
131300300
131301110
131303000
131311100
131330000
131411000
132110000
132110003
132110030
132110111
132110300
132111110
132113000
132121100
132140000
132221000
132410000
133200002
133200020
133200200
133202000
133220000
133400000
134000000
134000003
134000030
134000111
134000300
134001110
134003000
134011100
134030000
134111000
134300000
141000002
141000020
141000023
141000032
141000113
141000131
141000200
141000203
141000230
141000302
141000311
141000320
141001112
141001130
141001310
141002000
141002003
141002030
141002111
141002300
141003002
141003020
141003110
141003200
141011102
141011120
141011300
141013100
141020000
141020003
141020030
141020111
141020300
141021110
141023000
141030002
141030020
141030200
141031100
141032000
141111002
141111020
141111200
141113000
141131000
141200000
141200003
141200030
141200111
141200300
141201110
141203000
141211100
141230000
141300002
141300020
141300200
141302000
141311000
141320000
142100000
142100003
142100030
142100111
142100300
142101110
142103000
142110002
142110020
142110200
142111100
142112000
142130000
142211000
142310000
142400000
143000000
143000003
143000030
143000111
143000300
143001110
143003000
143011100
143030000
143111000
143210000
143300000
144000002
144000020
144000200
144002000
144020000
144110000
144200000
200000000
200000003
200000030
200000033
200000111
200000114
200000141
200000144
200000222
200000300
200000303
200000330
200000333
200000411
200000414
200000441
200001110
200001113
200001140
200001143
200001221
200001224
200001332
200001410
200001413
200001440
200002220
200002223
200002331
200003000
200003003
200003030
200003033
200003111
200003114
200003141
200003222
200003300
200003303
200003330
200003411
200004110
200004113
200004140
200004221
200004410
200011100
200011103
200011130
200011133
200011211
200011214
200011241
200011322
200011400
200011403
200011430
200012210
200012213
200012240
200012321
200013320
200014100
200014103
200014130
200014211
200014400
200022200
200022203
200022230
200022311
200023310
200030000
200030003
200030030
200030033
200030111
200030114
200030141
200030222
200030300
200030303
200030330
200030411
200031110
200031113
200031140
200031221
200031410
200032220
200033000
200033003
200033030
200033111
200033300
200034110
200041100
200041103
200041130
200041211
200041400
200042210
200044100
200111000
200111003
200111030
200111033
200111111
200111114
200111141
200111222
200111300
200111303
200111330
200111411
200112110
200112113
200112140
200112221
200112410
200113220
200114000
200114003
200114030
200114111
200114300
200122100
200122103
200122130
200122211
200122400
200123210
200133200
200141000
200141003
200141030
200141111
200141300
200142110
200144000
200222000
200222003
200222030
200222111
200222300
200223110
200233100
200300000
200300003
200300030
200300033
200300111
200300114
200300141
200300222
200300300
200300303
200300330
200300411
200301110
200301113
200301140
200301221
200301410
200302220
200303000
200303003
200303030
200303111
200303300
200304110
200311100
200311103
200311130
200311211
200311400
200312210
200314100
200322200
200330000
200330003
200330030
200330111
200330300
200331110
200333000
200341100
200411000
200411003
200411030
200411111
200411300
200412110
200414000
200422100
200441000
201110000
201110003
201110030
201110033
201110111
201110114
201110141
201110222
201110300
201110303
201110330
201110411
201111110
201111113
201111140
201111221
201111410
201112220
201113000
201113003
201113030
201113111
201113300
201114110
201121100
201121103
201121130
201121211
201121400
201122210
201124100
201132200
201140000
201140003
201140030
201140111
201140300
201141110
201143000
201221000
201221003
201221030
201221111
201221300
201222110
201224000
201232100
201332000
201410000
201410003
201410030
201410111
201410300
201411110
201413000
201421100
201440000
202220000
202220003
202220030
202220111
202220300
202221110
202223000
202231100
202331000
203000000
203000003
203000030
203000033
203000111
203000114
203000141
203000222
203000300
203000303
203000330
203000411
203001110
203001113
203001140
203001221
203001410
203002220
203003000
203003003
203003030
203003111
203003300
203004110
203011100
203011103
203011130
203011211
203011400
203012210
203014100
203022200
203030000
203030003
203030030
203030111
203030300
203031110
203033000
203041100
203111000
203111003
203111030
203111111
203111300
203112110
203114000
203122100
203141000
203222000
203300000
203300003
203300030
203300111
203300300
203301110
203303000
203311100
203330000
203411000
204110000
204110003
204110030
204110111
204110300
204111110
204113000
204121100
204140000
204221000
204410000
211100000
211100003
211100030
211100033
211100111
211100114
211100141
211100222
211100300
211100303
211100330
211100411
211101110
211101113
211101140
211101221
211101410
211102220
211103000
211103003
211103030
211103111
211103300
211104110
211111100
211111103
211111130
211111211
211111400
211112210
211114100
211122200
211130000
211130003
211130030
211130111
211130300
211131110
211133000
211141100
211211000
211211003
211211030
211211111
211211300
211212110
211214000
211222100
211241000
211322000
211400000
211400003
211400030
211400111
211400300
211401110
211403000
211411100
211430000
212210000
212210003
212210030
212210111
212210300
212211110
212213000
212221100
212240000
212321000
213320000
214100000
214100003
214100030
214100111
214100300
214101110
214103000
214111100
214130000
214211000
214400000
222000002
222000020
222000023
222000032
222000113
222000131
222000200
222000203
222000230
222000302
222000311
222000320
222001112
222001130
222001310
222002000
222002003
222002030
222002111
222002300
222003002
222003020
222003110
222003200
222011102
222011120
222011300
222013100
222020000
222020003
222020030
222020111
222020300
222021110
222023000
222030002
222030020
222030200
222031100
222032000
222111002
222111020
222111200
222113000
222131000
222200000
222200003
222200030
222200111
222200300
222201110
222203000
222211100
222230000
222300002
222300020
222300200
222302000
222311000
222320000
223110002
223110020
223110200
223112000
223130000
223310000
224000000
224000003
224000030
224000111
224000300
224001110
224003000
224011100
224030000
224111000
224300000
230000000
230000003
230000030
230000033
230000111
230000114
230000141
230000222
230000300
230000303
230000330
230000411
230001110
230001113
230001140
230001221
230001410
230002220
230003000
230003003
230003030
230003111
230003300
230004110
230011100
230011103
230011130
230011211
230011400
230012210
230014100
230022200
230030000
230030003
230030030
230030111
230030300
230031110
230033000
230041100
230111000
230111003
230111030
230111111
230111300
230112110
230114000
230122100
230141000
230222000
230300000
230300003
230300030
230300111
230300300
230301110
230303000
230311100
230330000
230411000
231110000
231110003
231110030
231110111
231110300
231111110
231113000
231121100
231140000
231221000
231410000
232220000
233000000
233000003
233000030
233000111
233000300
233001110
233003000
233011100
233030000
233100002
233100020
233100200
233102000
233111000
233120000
233300000
234110000
241100000
241100003
241100030
241100111
241100300
241101110
241103000
241111100
241130000
241211000
241400000
242000000
242000003
242000030
242000111
242000300
242001110
242003000
242011100
242030000
242111000
242210000
242300000
243110000
244100000
300000002
300000020
300000023
300000032
300000113
300000131
300000134
300000143
300000200
300000203
300000224
300000230
300000233
300000242
300000302
300000311
300000314
300000320
300000323
300000332
300000341
300000413
300000422
300000431
300001112
300001130
300001133
300001142
300001223
300001241
300001310
300001313
300001340
300001412
300001421
300001430
300002000
300002003
300002030
300002033
300002111
300002114
300002141
300002222
300002240
300002300
300002303
300002330
300002411
300002420
300003002
300003020
300003023
300003032
300003110
300003113
300003131
300003140
300003200
300003203
300003221
300003230
300003302
300003311
300003320
300003410
300004112
300004130
300004220
300004310
300011102
300011120
300011123
300011132
300011213
300011231
300011300
300011303
300011330
300011402
300011411
300011420
300012212
300012230
300012410
300013100
300013103
300013130
300013211
300013400
300014102
300014120
300014210
300014300
300020000
300020003
300020030
300020033
300020111
300020114
300020141
300020222
300020300
300020303
300020330
300020411
300021110
300021113
300021140
300021221
300021410
300022202
300022220
300022400
300023000
300023003
300023030
300023111
300023300
300024110
300024200
300030002
300030020
300030023
300030032
300030113
300030131
300030200
300030203
300030230
300030302
300030311
300030320
300031100
300031103
300031112
300031130
300031211
300031310
300031400
300032000
300032003
300032030
300032111
300032210
300032300
300033002
300033020
300033110
300033200
300034100
300041102
300041120
300041300
300042200
300043100
300111002
300111020
300111023
300111032
300111113
300111131
300111200
300111203
300111230
300111302
300111311
300111320
300112112
300112130
300112310
300113000
300113003
300113030
300113111
300113300
300114002
300114020
300114110
300114200
300122102
300122120
300122300
300124100
300131000
300131003
300131030
300131111
300131300
300132110
300134000
300141002
300141020
300141200
300142100
300143000
300200000
300200003
300200030
300200033
300200111
300200114
300200141
300200222
300200300
300200303
300200330
300200411
300201110
300201113
300201140
300201221
300201410
300202220
300203000
300203003
300203030
300203111
300203300
300204110
300211100
300211103
300211130
300211211
300211400
300212210
300214100
300222002
300222020
300222200
300224000
300230000
300230003
300230030
300230111
300230300
300231110
300233000
300241100
300242000
300300002
300300020
300300023
300300032
300300113
300300131
300300200
300300203
300300230
300300302
300300311
300300320
300301112
300301130
300301310
300302000
300302003
300302030
300302111
300302300
300303002
300303020
300303110
300303200
300311000
300311003
300311030
300311102
300311111
300311120
300311300
300312110
300313100
300314000
300320000
300320003
300320030
300320111
300320300
300321110
300322100
300323000
300330002
300330020
300330200
300331100
300332000
300341000
300411002
300411020
300411200
300413000
300422000
300431000
301110002
301110020
301110023
301110032
301110113
301110131
301110200
301110203
301110230
301110302
301110311
301110320
301111112
301111130
301111310
301112000
301112003
301112030
301112111
301112300
301113002
301113020
301113110
301113200
301121102
301121120
301121300
301123100
301130000
301130003
301130030
301130111
301130300
301131110
301133000
301140002
301140020
301140200
301141100
301142000
301221002
301221020
301221200
301223000
301241000
301310000
301310003
301310030
301310111
301310300
301311110
301313000
301321100
301340000
301410002
301410020
301410200
301412000
301421000
301430000
302000000
302000003
302000030
302000033
302000111
302000114
302000141
302000222
302000300
302000303
302000330
302000411
302001110
302001113
302001140
302001221
302001410
302002220
302003000
302003003
302003030
302003111
302003300
302004110
302011100
302011103
302011130
302011211
302011400
302012210
302014100
302022200
302030000
302030003
302030030
302030111
302030300
302031110
302033000
302041100
302111000
302111003
302111030
302111111
302111300
302112110
302114000
302122100
302141000
302220002
302220020
302220200
302222000
302240000
302300000
302300003
302300030
302300111
302300300
302301110
302303000
302311100
302330000
302411000
302420000
303000002
303000020
303000023
303000032
303000113
303000131
303000200
303000203
303000230
303000302
303000311
303000320
303001112
303001130
303001310
303002000
303002003
303002030
303002111
303002300
303003002
303003020
303003110
303003200
303011102
303011120
303011300
303013100
303020000
303020003
303020030
303020111
303020300
303021110
303023000
303030002
303030020
303030200
303031100
303032000
303110000
303110003
303110030
303110111
303110300
303111002
303111020
303111110
303111200
303113000
303121100
303131000
303140000
303200000
303200003
303200030
303200111
303200300
303201110
303203000
303211100
303221000
303230000
303300002
303300020
303300200
303302000
303311000
303320000
303410000
304110002
304110020
304110200
304112000
304130000
304220000
304310000
311000000
311000003
311000030
311000033
311000111
311000114
311000141
311000222
311000300
311000303
311000330
311000411
311001110
311001113
311001140
311001221
311001410
311002220
311003000
311003003
311003030
311003111
311003300
311004110
311011100
311011103
311011130
311011211
311011400
311012210
311014100
311022200
311030000
311030003
311030030
311030111
311030300
311031110
311033000
311041100
311100002
311100020
311100023
311100032
311100113
311100131
311100200
311100203
311100230
311100302
311100311
311100320
311101112
311101130
311101310
311102000
311102003
311102030
311102111
311102300
311103002
311103020
311103110
311103200
311111000
311111003
311111030
311111102
311111111
311111120
311111300
311112110
311113100
311114000
311120000
311120003
311120030
311120111
311120300
311121110
311122100
311123000
311130002
311130020
311130200
311131100
311132000
311141000
311211002
311211020
311211200
311213000
311222000
311231000
311300000
311300003
311300030
311300111
311300300
311301110
311303000
311311100
311330000
311400002
311400020
311400200
311402000
311411000
311420000
312110000
312110003
312110030
312110111
312110300
312111110
312113000
312121100
312140000
312210002
312210020
312210200
312212000
312221000
312230000
312410000
313100000
313100003
313100030
313100111
313100300
313101110
313103000
313111100
313130000
313211000
313220000
313400000
314000000
314000003
314000030
314000111
314000300
314001110
314003000
314011100
314030000
314100002
314100020
314100200
314102000
314111000
314120000
314210000
314300000
320000000
320000003
320000030
320000033
320000111
320000114
320000141
320000222
320000300
320000303
320000330
320000411
320001110
320001113
320001140
320001221
320001410
320002220
320003000
320003003
320003030
320003111
320003300
320004110
320011100
320011103
320011130
320011211
320011400
320012210
320014100
320022200
320030000
320030003
320030030
320030111
320030300
320031110
320033000
320041100
320111000
320111003
320111030
320111111
320111300
320112110
320114000
320122100
320141000
320222000
320300000
320300003
320300030
320300111
320300300
320301110
320303000
320311100
320330000
320411000
321110000
321110003
321110030
321110111
321110300
321111110
321113000
321121100
321140000
321221000
321410000
322100000
322100003
322100030
322100111
322100300
322101110
322103000
322111100
322130000
322200002
322200020
322200200
322202000
322211000
322220000
322400000
323000000
323000003
323000030
323000111
323000300
323001110
323003000
323011100
323030000
323111000
323210000
323300000
324110000
324200000
330000002
330000020
330000023
330000032
330000113
330000131
330000200
330000203
330000230
330000302
330000311
330000320
330001112
330001130
330001310
330002000
330002003
330002030
330002111
330002300
330003002
330003020
330003110
330003200
330011102
330011120
330011300
330013100
330020000
330020003
330020030
330020111
330020300
330021110
330023000
330030002
330030020
330030200
330031100
330032000
330111002
330111020
330111200
330113000
330131000
330200000
330200003
330200030
330200111
330200300
330201110
330203000
330211100
330230000
330300002
330300020
330300200
330302000
330311000
330320000
331100000
331100003
331100030
331100111
331100300
331101110
331103000
331110002
331110020
331110200
331111100
331112000
331130000
331211000
331310000
331400000
332000000
332000003
332000030
332000111
332000300
332001110
332003000
332011100
332030000
332111000
332210000
332300000
333000002
333000020
333000200
333002000
333020000
333110000
333200000
334100000
341000000
341000003
341000030
341000111
341000300
341001110
341003000
341011100
341030000
341100002
341100020
341100200
341102000
341111000
341120000
341300000
342110000
342200000
343100000
344000000
411000002
411000020
411000023
411000032
411000113
411000131
411000200
411000203
411000230
411000302
411000311
411000320
411001112
411001130
411001310
411002000
411002003
411002030
411002111
411002300
411003002
411003020
411003110
411003200
411011102
411011120
411011300
411013100
411020000
411020003
411020030
411020111
411020300
411021110
411023000
411030002
411030020
411030200
411031100
411032000
411111002
411111020
411111200
411113000
411131000
411200000
411200003
411200030
411200111
411200300
411201110
411203000
411211100
411230000
411300002
411300020
411300200
411302000
411311000
411320000
412110002
412110020
412110200
412112000
412130000
412310000
413000000
413000003
413000030
413000111
413000300
413001110
413003000
413011100
413030000
413111000
413300000
414000002
414000020
414000200
414002000
414020000
414110000
414200000
422000000
422000003
422000030
422000111
422000300
422001110
422003000
422011100
422030000
422100002
422100020
422100200
422102000
422111000
422120000
422300000
423110000
424100000
431000000
431000003
431000030
431000111
431000300
431001110
431003000
431011100
431030000
431111000
431300000
432110000
433100000
434000000
441000002
441000020
441000200
441002000
441020000
441200000
442100000
443000000
