0000000
0000003
0000030
0000033
0000300
0000303
0000330
0000333
0003000
0003003
0003030
0003033
0003300
0003303
0003330
0003333
0030000
0030003
0030030
0030033
0030300
0030303
0030330
0030333
0033000
0033003
0033030
0033033
0033300
0033303
0033330
0300000
0300003
0300030
0300033
0300300
0300303
0300330
0300333
0303000
0303003
0303030
0303033
0303300
0303303
0303330
0330000
0330003
0330030
0330033
0330300
0330303
0330330
0333000
0333003
0333030
0333300
3000000
3000003
3000030
3000033
3000300
3000303
3000330
3000333
3003000
3003003
3003030
3003033
3003300
3003303
3003330
3030000
3030003
3030030
3030033
3030300
3030303
3030330
3033000
3033003
3033030
3033300
3300000
3300003
3300030
3300033
3300300
3300303
3300330
3303000
3303003
3303030
3303300
3330000
3330003
3330030
3330300
3333000
