0000002
0000020
0000023
0000032
0000200
0000203
0000230
0000233
0000302
0000320
0000323
0000332
0002000
0002003
0002030
0002033
0002300
0002303
0002330
0002333
0003002
0003020
0003023
0003032
0003200
0003203
0003230
0003233
0003302
0003320
0003323
0003332
0020000
0020003
0020030
0020033
0020300
0020303
0020330
0020333
0023000
0023003
0023030
0023033
0023300
0023303
0023330
0030002
0030020
0030023
0030032
0030200
0030203
0030230
0030233
0030302
0030320
0030323
0030332
0032000
0032003
0032030
0032033
0032300
0032303
0032330
0033002
0033020
0033023
0033032
0033200
0033203
0033230
0033302
0033320
0200000
0200003
0200030
0200033
0200300
0200303
0200330
0200333
0203000
0203003
0203030
0203033
0203300
0203303
0203330
0230000
0230003
0230030
0230033
0230300
0230303
0230330
0233000
0233003
0233030
0233300
0300002
0300020
0300023
0300032
0300200
0300203
0300230
0300233
0300302
0300320
0300323
0300332
0302000
0302003
0302030
0302033
0302300
0302303
0302330
0303002
0303020
0303023
0303032
0303200
0303203
0303230
0303302
0303320
0320000
0320003
0320030
0320033
0320300
0320303
0320330
0323000
0323003
0323030
0323300
0330002
0330020
0330023
0330032
0330200
0330203
0330230
0330302
0330320
0332000
0332003
0332030
0332300
0333002
0333020
0333200
2000000
2000003
2000030
2000033
2000300
2000303
2000330
2000333
2003000
2003003
2003030
2003033
2003300
2003303
2003330
2030000
2030003
2030030
2030033
2030300
2030303
2030330
2033000
2033003
2033030
2033300
2300000
2300003
2300030
2300033
2300300
2300303
2300330
2303000
2303003
2303030
2303300
2330000
2330003
2330030
2330300
2333000
3000002
3000020
3000023
3000032
3000200
3000203
3000230
3000233
3000302
3000320
3000323
3000332
3002000
3002003
3002030
3002033
3002300
3002303
3002330
3003002
3003020
3003023
3003032
3003200
3003203
3003230
3003302
3003320
3020000
3020003
3020030
3020033
3020300
3020303
3020330
3023000
3023003
3023030
3023300
3030002
3030020
3030023
3030032
3030200
3030203
3030230
3030302
3030320
3032000
3032003
3032030
3032300
3033002
3033020
3033200
3200000
3200003
3200030
3200033
3200300
3200303
3200330
3203000
3203003
3203030
3203300
3230000
3230003
3230030
3230300
3233000
3300002
3300020
3300023
3300032
3300200
3300203
3300230
3300302
3300320
3302000
3302003
3302030
3302300
3303002
3303020
3303200
3320000
3320003
3320030
3320300
3323000
3330002
3330020
3330200
3332000
